-0.427644	-0.666113	3.86429e-08	1.66951e-10	1	
1.68834	0.866184	9.73051e-31	1.24713e-32	1	
0.82602	1.58129	1.54254e-29	6.74858e-37	1	
0.830264	-0.787933	1.12981e-14	7.31124e-12	1	
-0.0800665	-0.836445	4.10899e-09	1.76822e-09	1	
0.661952	0.130507	2.93071e-18	1.76613e-19	1	
-0.993945	0.342608	7.87518e-11	4.11272e-19	1	
0.445315	0.358735	3.08864e-18	4.46432e-21	1	
-2.07653	-0.762874	0.0208623	9.27199e-13	0.979138	
-0.701705	1.00123	3.03174e-16	7.31571e-26	1	
-0.509161	-0.224703	8.03948e-10	5.35516e-14	1	
0.141376	0.378055	1.57902e-16	1.83957e-20	1	
-0.432605	-0.207588	2.91543e-10	3.54215e-14	1	
-0.176729	0.083674	4.5337e-13	5.11934e-17	1	
0.26507	-1.16109	1.05656e-09	1.13499e-07	1	
0.442739	-0.624313	5.92388e-13	4.82524e-12	1	
0.182614	-1.5302	5.31315e-08	3.3981e-05	0.999966	
0.877983	0.0841742	1.91464e-19	8.02928e-20	1	
-1.94855	-0.803443	0.016604	5.0088e-12	0.983396	
1.0444	0.0440132	2.20722e-20	4.08104e-20	1	
-0.0381631	0.924014	4.56129e-19	6.64469e-26	1	
1.63483	0.521051	6.76398e-28	2.94385e-28	1	
-2.21238	-0.958007	0.158085	3.48317e-12	0.841915	
-0.799836	0.764243	3.20058e-14	2.83164e-23	1	
-0.367657	-0.365158	8.57953e-10	6.75565e-13	1	
0.998308	1.47272	6.51529e-30	2.61686e-36	1	
0.0892449	-1.26628	2.29982e-08	1.03625e-06	0.999999	
-0.687614	0.158696	4.73994e-11	2.45438e-17	1	
0.809035	0.277174	4.05562e-20	1.68221e-21	1	
0.421471	-1.95533	3.72917e-08	0.00330984	0.99669	
0.645609	-2.01669	2.53042e-09	0.00250224	0.997498	
-0.19676	-0.557918	9.98299e-10	1.76701e-11	1	
0.657164	-1.25782	1.12254e-11	7.07442e-08	1	
-0.20382	0.386253	1.1002e-14	6.75347e-20	1	
1.75786	0.227438	5.01809e-27	8.80876e-26	1	
0.458197	-1.75003	6.66866e-09	0.000226402	0.999774	
0.412333	-1.01816	4.27523e-11	5.82485e-09	1	
0.0530716	-1.89761	2.63947e-06	0.00482769	0.99517	
0.902844	2.92797	1.45119e-42	4.08308e-57	1	
-0.671395	2.16122	1.78249e-25	3.21672e-40	1	
-0.510153	-0.634704	6.69122e-08	1.00845e-10	1	
0.791189	-0.619597	3.53969e-15	4.24627e-13	1	
-0.590864	0.189167	1.18872e-11	1.21272e-17	1	
-1.19569	-0.322825	1.32905e-06	1.45681e-13	0.999999	
-1.74015	1.25952	3.33036e-14	2.13622e-29	1	
-0.894632	-1.01751	8.69443e-05	3.17995e-08	0.999913	
0.369307	-0.479266	3.41446e-13	4.66089e-13	1	
0.460071	0.792361	3.83121e-21	8.64914e-26	1	
-0.540412	-0.82814	5.88502e-07	2.61844e-09	0.999999	
0.224451	0.524694	6.29452e-18	3.51909e-22	1	
1.06819	-0.773527	2.31649e-16	7.57144e-13	1	
0.752401	0.671467	2.96227e-22	1.66877e-25	1	
-1.24358	-0.981441	0.0010513	5.70077e-09	0.998949	
-0.0337047	1.31327	6.52125e-22	1.82584e-30	1	
1.74169	-0.358779	1.61673e-23	8.77126e-20	1	
1.20989	0.722711	6.69386e-26	3.58461e-28	1	
-2.06685	-0.036792	1.36373e-05	6.33348e-18	0.999986	
0.965402	-0.409816	2.25352e-17	1.57253e-15	1	
-0.543964	-0.920292	1.41243e-06	1.15098e-08	0.999999	
1.80677	0.117449	9.23045e-27	6.40053e-25	1	
-0.454636	0.474738	5.74311e-14	1.72407e-20	1	
1.15301	0.148803	8.7034e-22	1.16436e-21	1	
0.281647	-0.684707	9.87697e-12	3.39394e-11	1	
0.42904	-0.0680722	1.16341e-15	7.55111e-17	1	
0.44282	1.157	1.24888e-23	5.61456e-30	1	
0.493559	0.266064	5.61353e-18	2.78703e-20	1	
-1.62828	-1.80866	0.767817	3.32706e-06	0.23218	
1.0864	-1.7019	5.1311e-13	2.44899e-06	0.999998	
0.379857	0.160032	1.20696e-16	6.82486e-19	1	
-1.14154	1.83683	1.16815e-20	1.15764e-35	1	
0.613045	1.2048	4.17154e-25	3.44375e-31	1	
0.146159	-1.35002	2.20313e-08	2.99797e-06	0.999997	
2.1998	0.289204	2.80043e-31	1.8608e-29	1	
-0.582269	-0.00518815	1.26642e-10	7.07815e-16	1	
-0.423814	0.226226	1.21545e-12	4.32207e-18	1	
-1.45426	1.46629	1.31131e-16	2.50203e-31	1	
-0.73974	-1.29887	0.000204637	2.4629e-06	0.999793	
-0.600258	0.488269	2.29081e-13	1.59664e-20	1	
0.873193	1.08319	5.33787e-26	8.31895e-31	1	
1.33923	0.144735	3.66397e-23	1.56064e-22	1	
-2.22678	0.0104069	1.62207e-05	7.07329e-19	0.999984	
0.157999	1.22	2.48742e-22	7.73609e-30	1	
-0.0680983	-0.285132	1.08882e-11	7.15957e-14	1	
0.91991	0.724622	8.79279e-24	8.32416e-27	1	
-1.19929	-0.398235	3.05452e-06	5.53295e-13	0.999997	
0.203775	0.045441	6.05718e-15	2.3989e-17	1	
0.523284	-2.26652	4.44072e-08	0.0649064	0.935094	
-0.708417	-0.911033	6.43349e-06	8.77853e-09	0.999994	
-0.0252622	-1.30697	1.25422e-07	2.51575e-06	0.999997	
-2.31328	0.341963	4.21537e-07	5.69417e-22	1	
0.956743	0.582972	4.30046e-23	2.21059e-25	1	
0.0300051	-1.12677	1.49717e-08	1.4654e-07	1	
-0.110039	0.0709729	2.38865e-13	5.40134e-17	1	
-1.91631	1.19077	3.06503e-13	5.11751e-29	1	
-0.643947	0.0474411	1.24363e-10	2.47783e-16	1	
-0.231418	-0.367781	1.91205e-10	5.54413e-13	1	
0.531453	-1.66173	1.38228e-09	5.04786e-05	0.99995	
0.0254162	-1.31703	7.43068e-08	2.59116e-06	0.999997	
-1.30501	-0.458316	1.27519e-05	1.06626e-12	0.999987	
-1.01243	-0.323555	2.96592e-07	2.43125e-13	1	
-1.41085	-0.659768	0.000197687	1.89254e-11	0.999802	
-0.684911	-0.916784	5.42124e-06	9.87217e-09	0.999995	
1.02553	0.673177	3.42025e-24	1.0548e-26	1	
-0.991381	1.76765	1.02609e-20	8.34488e-35	1	
0.148332	-1.21955	7.58947e-09	4.27865e-07	1	
1.04376	0.536789	2.04336e-23	2.8812e-25	1	
-1.26909	-0.852677	0.000419853	7.46196e-10	0.99958	
-0.917797	0.457867	8.20415e-12	3.47656e-20	1	
-0.525057	-0.343055	3.61173e-09	5.20674e-13	1	
-0.640508	-0.436784	3.23033e-08	3.00634e-12	1	
-0.486809	-0.622988	4.67221e-08	8.16082e-11	1	
-0.00723291	1.41245	8.04633e-23	9.60177e-32	1	
-0.282969	-0.464064	9.84921e-10	3.75053e-12	1	
-0.710405	0.559307	2.61593e-13	3.43602e-21	1	
0.775498	-1.33116	3.65329e-12	1.03613e-07	1	
0.0674157	-1.51572	1.96366e-07	3.82686e-05	0.999962	
2.36757	1.31065	2.94265e-40	2.52071e-43	1	
-1.01705	-0.309585	2.64927e-07	1.86332e-13	1	
1.49334	1.71737	8.037e-36	1.94444e-42	1	
-1.08725	-0.229946	1.98595e-07	3.61718e-14	1	
-0.451914	1.03898	1.08697e-17	1.66996e-26	1	
-0.166836	-0.23291	1.93906e-11	3.42706e-14	1	
1.2908	1.89352	1.06261e-35	1.19172e-43	1	
-0.955116	-0.579461	2.61572e-06	2.53476e-11	0.999997	
-0.180823	-0.0373447	2.18399e-12	6.68857e-16	1	
-1.80583	0.522951	3.06819e-09	5.10588e-22	1	
1.20994	0.611994	3.78833e-25	6.53422e-27	1	
0.578858	1.61373	4.38236e-28	3.04821e-36	1	
0.691869	0.717983	3.70582e-22	8.70509e-26	1	
-0.395107	0.763358	4.28381e-16	1.52788e-23	1	
0.574247	1.65318	2.23551e-28	9.6159e-37	1	
0.589466	-0.617089	6.86069e-14	1.71053e-12	1	
-0.631211	-0.31545	7.85468e-09	3.18856e-13	1	
0.165645	0.363937	1.39347e-16	2.24578e-20	1	
0.889173	0.751663	9.48321e-24	5.59592e-27	1	
-2.43639	0.0487823	2.30799e-05	4.99887e-20	0.999977	
-0.99627	0.548473	4.77307e-12	4.21586e-21	1	
1.30856	-0.820682	6.94128e-18	1.75344e-13	1	
0.222885	0.946282	9.71286e-21	8.29763e-27	1	
-0.731357	-0.740752	1.66718e-06	5.51536e-10	0.999998	
0.211497	2.0648	1.59604e-29	5.72385e-41	1	
-2.5451	0.643885	1.85377e-08	1.32325e-25	1	
-1.84402	-0.801292	0.00972984	1.11215e-11	0.99027	
-1.8605	-0.135611	1.44602e-05	1.7455e-16	0.999986	
0.0936779	0.453587	1.01558e-16	3.98981e-21	1	
0.11358	0.766418	7.40977e-19	1.68202e-24	1	
1.9057	-0.64133	1.9047e-23	3.51168e-18	1	
-1.15117	0.19647	2.06131e-09	6.93046e-18	1	
0.664836	0.653295	1.52952e-21	5.79039e-25	1	
-1.87964	0.644834	8.83875e-10	2.32687e-23	1	
0.756405	-3.39236	2.48626e-10	0.993094	0.00690575	
-0.643147	-3.65343	0.000615708	0.995329	0.00405526	
-0.40041	-3.24547	0.000118346	0.994065	0.00581622	
-0.698489	-2.93796	0.0126454	0.928105	0.0592496	
-0.0925103	-3.2656	3.121e-06	0.996748	0.00324874	
0.0799671	-3.70623	9.12926e-08	0.999342	0.000657726	
-0.0580524	-3.18571	2.8983e-06	0.995387	0.00460999	
0.0689781	-3.29667	4.58266e-07	0.997309	0.00269074	
0.325185	-2.72128	3.58182e-07	0.888856	0.111144	
-0.162696	-3.88893	8.59648e-07	0.999371	0.000628394	
0.462341	-3.75334	1.18531e-09	0.999231	0.000769404	
0.698559	-3.08406	1.71876e-09	0.969562	0.0304382	
-0.247784	-4.0273	1.63289e-06	0.999309	0.000688982	
-0.168919	-2.83142	4.28127e-05	0.964004	0.0359527	
-0.621633	-3.83283	0.00028679	0.996786	0.00292696	
-0.512432	-3.80168	7.85705e-05	0.998006	0.00191554	
0.0340775	-4.0745	4.99291e-08	0.999599	0.000401258	
-0.0299647	-3.14661	2.48209e-06	0.994451	0.00554618	
0.520922	-4.08668	2.06849e-10	0.999539	0.000461085	
-0.112538	-3.26416	3.93492e-06	0.996673	0.00332273	
-0.35051	-3.04365	0.000141084	0.986556	0.013303	
-0.167473	-3.52519	2.86903e-06	0.998648	0.00134958	
0.193246	-3.33563	1.01615e-07	0.997606	0.00239438	
-0.326227	-3.49881	2.0314e-05	0.99799	0.00198934	
-0.106173	-3.79641	5.81374e-07	0.99935	0.000649885	
-0.524839	-3.20891	0.000596554	0.989833	0.00957067	
-0.395242	-3.14468	0.000161458	0.990919	0.00891926	
0.303859	-3.24754	4.48341e-08	0.995874	0.00412586	
-0.137342	-3.7894	8.56665e-07	0.999308	0.000691343	
-0.0291007	-3.90059	1.72253e-07	0.999499	0.000501232	
-0.0722362	-2.57111	4.17915e-05	0.803966	0.195993	
1.06567	-4.22028	5.02611e-13	0.997765	0.00223499	
0.543886	-4.19171	1.16942e-10	0.999558	0.000441853	
0.355318	-2.97089	8.76736e-08	0.977954	0.0220456	
-0.166158	-3.58509	2.30817e-06	0.998862	0.00113536	
0.192152	-3.35763	9.42598e-08	0.997827	0.00217277	
-0.579479	-3.28822	0.000877631	0.990692	0.00843007	
0.330002	-4.10421	1.57647e-09	0.999634	0.000366091	
0.193325	-3.23945	1.49647e-07	0.996246	0.00375409	
-0.0850589	-3.27627	2.75442e-06	0.996914	0.00308292	
-0.268532	-3.59969	7.34473e-06	0.998667	0.00132615	
-0.179101	-3.98134	8.05513e-07	0.999401	0.000597833	
-0.0881889	-3.13791	4.91028e-06	0.994062	0.00593356	
-0.401778	-3.31624	9.34147e-05	0.995488	0.00441812	
0.149471	-3.68543	4.49451e-08	0.999313	0.000686707	
0.312576	-3.56453	1.16618e-08	0.998905	0.00109474	
0.213809	-3.3373	8.09074e-08	0.997582	0.00241824	
0.24014	-2.46181	1.876e-06	0.525315	0.474684	
0.168784	-3.6577	3.99249e-08	0.999258	0.000741934	
0.256125	-4.2324	2.50805e-09	0.999656	0.000344405	
-3.09802	-1.54996	0.981126	8.0436e-16	0.0188742	
-2.71287	-2.40838	0.999111	7.24377e-12	0.000889188	
-1.7366	-1.94093	0.91744	1.73736e-06	0.0825585	
-3.01177	-2.05216	0.997897	2.02586e-14	0.00210258	
-2.78938	-3.40523	0.999502	2.07525e-11	0.000498091	
-2.3938	-1.51136	0.938677	2.69183e-11	0.0613225	
-2.80529	-1.66711	0.987604	1.23056e-13	0.0123964	
-2.23862	-3.21852	0.999084	9.95206e-08	0.000915652	
-2.50646	-1.94879	0.994453	3.48057e-11	0.00554719	
-2.29505	-2.45538	0.99826	5.07324e-09	0.0017403	
-2.13781	-1.68696	0.947197	2.30217e-09	0.0528033	
-2.45236	-2.77384	0.999312	1.21137e-09	0.000688237	
-2.14081	-2.72043	0.998391	1.1701e-07	0.00160864	
-2.15532	-2.55043	0.997902	5.51356e-08	0.00209833	
-1.9398	-2.40991	0.993632	7.63652e-07	0.00636728	
-2.56152	-3.32772	0.999458	7.62074e-10	0.000542315	
-3.44701	-2.73476	0.99931	8.69461e-17	0.00068996	
-1.81957	-3.48529	0.995667	0.000101131	0.00423157	
-2.63531	-2.46935	0.999149	2.93681e-11	0.000851455	
-3.42973	-2.55546	0.99918	7.99082e-17	0.000820381	
-3.13065	-2.40993	0.999224	8.64817e-15	0.000775843	
-2.70068	-3.24349	0.999557	6.80977e-11	0.000443481	
-2.81014	-1.89042	0.995584	2.74067e-13	0.00441645	
-1.9129	-3.29087	0.997427	1.62543e-05	0.00255629	
-2.2177	-2.48035	0.997966	1.7406e-08	0.00203402	
-2.45069	-2.8984	0.999386	1.726e-09	0.000614119	
-1.94758	-3.02219	0.997723	4.87332e-06	0.00227184	
-2.55102	-2.90726	0.999483	3.65736e-10	0.000517451	
-2.47922	-2.27139	0.998144	1.70953e-10	0.00185618	
-2.39715	-3.01052	0.999358	5.25038e-09	0.000641712	
-3.20712	-1.97572	0.997128	6.6667e-16	0.00287229	
-2.16745	-2.80358	0.998675	1.00764e-07	0.00132524	
-1.98362	-2.11205	0.985835	1.29624e-07	0.0141648	
-1.96477	-2.86715	0.997585	2.42947e-06	0.00241267	
-2.57834	-2.56107	0.999233	9.38006e-11	0.000767168	
-1.72757	-2.9404	0.993984	9.2118e-05	0.00592377	
-1.97954	-3.31443	0.997948	6.36062e-06	0.00204588	
-2.05851	-2.16978	0.991379	5.67997e-08	0.0086213	
-2.57934	-2.50183	0.999138	7.74251e-11	0.000861851	
-3.33051	-1.85502	0.994977	5.87701e-17	0.00502263	
-2.85709	-2.43611	0.999259	7.98227e-13	0.000740915	
-3.16372	-2.77205	0.999537	1.20667e-14	0.000463152	
-2.55239	-2.87334	0.999471	3.29071e-10	0.000528645	
-2.01946	-3.19903	0.998282	2.65835e-06	0.00171531	
-2.35987	-2.7331	0.999122	4.48614e-09	0.000878405	
-2.87311	-2.43957	0.999271	6.23618e-13	0.000729272	
-1.81523	-2.14433	0.974428	1.52126e-06	0.0255708	
-2.76441	-2.56695	0.999391	5.08697e-12	0.000609345	
-2.45054	-2.66103	0.999193	9.07822e-10	0.000806506	
-1.66955	-2.96939	0.992228	0.000228507	0.00754316	
-3.15186	-3.03142	0.99958	2.47045e-14	0.000420213	
-2.61307	-2.10609	0.997514	1.25043e-11	0.00248623	
-2.18155	-3.30235	0.998896	2.88358e-07	0.00110403	
-2.61281	-1.71917	0.987284	2.80887e-12	0.0127155	
-3.2386	-2.93906	0.999541	4.72892e-15	0.000459039	
-2.74937	-2.16345	0.998299	1.86186e-12	0.00170054	
-2.0022	-2.39164	0.994742	2.93763e-07	0.00525812	
-1.91442	-3.11277	0.997503	1.01378e-05	0.00248636	
-2.13236	-2.71599	0.998337	1.30843e-07	0.00166273	
-2.31907	-2.87773	0.999178	1.24924e-08	0.00082192	
-2.18293	-3.07127	0.998951	1.64544e-07	0.00104854	
-2.49716	-2.1148	0.997014	7.48663e-11	0.00298595	
-2.03285	-2.58602	0.997067	3.71867e-07	0.0029322	
-2.78503	-2.42859	0.999208	2.46312e-12	0.000791552	
-1.80452	-2.55026	0.992105	8.5507e-06	0.00788641	
-1.96677	-3.41213	0.997693	9.59263e-06	0.0022978	
-2.72083	-2.26468	0.998713	4.06569e-12	0.00128659	
-3.19541	-2.49502	0.999318	3.68687e-15	0.000681981	
-1.58473	-1.60699	0.460003	1.30086e-06	0.539996	
-3.32641	-3.40523	0.999273	2.05878e-15	0.000727091	
-2.58011	-2.65886	0.999352	1.20713e-10	0.000647757	
-2.17776	-2.29879	0.99625	1.66202e-08	0.00375034	
-2.74083	-2.39238	0.999103	4.44338e-12	0.000897057	
-2.32634	-1.90335	0.989536	4.1262e-10	0.0104641	
-2.22255	-2.13995	0.994477	4.78356e-09	0.00552271	
-2.841	-2.25745	0.998824	5.99952e-13	0.0011757	
-2.4409	-2.33982	0.998347	3.85309e-10	0.00165263	
-1.97615	-3.14368	0.998014	4.41468e-06	0.0019811	
-2.47294	-2.93117	0.999422	1.32392e-09	0.000577791	
-3.11034	-2.52935	0.99939	1.65952e-14	0.000609698	
-3.26513	-2.50141	0.999283	1.16192e-15	0.00071732	
-2.14834	-2.45491	0.997325	4.43359e-08	0.00267503	
-2.11655	-2.4171	0.99673	6.18428e-08	0.00326962	
-2.02572	-2.05117	0.984766	5.58584e-08	0.0152342	
-1.85308	-2.5573	0.993705	4.42613e-06	0.00629049	
-2.50112	-2.85901	0.999421	7.10056e-10	0.00057947	
-2.51524	-2.92518	0.99946	6.71672e-10	0.00054048	
-2.09453	-2.64657	0.99789	1.84046e-07	0.00210974	
-2.27986	-3.17014	0.999182	4.7178e-08	0.000818225	
-2.81431	-2.85802	0.999587	4.78362e-12	0.000413376	
-2.40253	-2.81102	0.999271	2.89487e-09	0.000728844	
-2.04879	-2.2375	0.992921	8.48706e-08	0.00707889	
-3.27453	-3.16728	0.999489	3.73848e-15	0.000510806	
-2.57506	-2.78855	0.999448	1.8542e-10	0.0005522	
-2.76143	-2.77384	0.999542	9.19485e-12	0.000458348	
-2.53296	-2.57769	0.9992	1.99311e-10	0.000800234	
-3.02941	-2.52071	0.999396	6.16841e-14	0.000604289	
-1.9594	-1.82018	0.946119	5.01677e-08	0.0538813	
-2.42882	-2.19051	0.997329	2.74927e-10	0.00267104	
-2.21152	-2.22712	0.995766	7.80698e-09	0.00423411	
-1.74354	-2.50069	0.98827	1.6699e-05	0.0117128	
-2.66298	-3.14042	0.999565	1.02958e-10	0.000435219	
-2.63446	-2.99817	0.999553	1.20171e-10	0.000446903	
-2.21865	-2.61638	0.998478	2.6652e-08	0.00152205	
-2.51157	-2.61875	0.999228	3.13008e-10	0.00077192	
-2.54009	-1.69532	0.983516	7.48623e-12	0.0164845	
-2.36684	-2.40228	0.998343	1.45081e-09	0.00165688	
-2.43544	-2.00758	0.994881	1.2593e-10	0.0051185	
-2.8037	-2.81694	0.999571	5.15941e-12	0.000428713	
-2.36849	-2.00141	0.993811	3.30659e-10	0.00618856	
-3.37616	-2.63403	0.999322	2.39498e-16	0.00067843	
-2.11672	-2.02959	0.988095	1.41271e-08	0.0119052	
-3.22211	-2.97689	0.999551	6.72926e-15	0.000449007	
-2.46652	-2.16702	0.997342	1.43465e-10	0.00265788	
-2.42022	-2.59609	0.999042	1.19372e-09	0.000958448	
-2.23414	-2.77149	0.998858	3.37416e-08	0.00114179	
-1.54364	-1.09579	0.0198064	5.7367e-09	0.980194	
-1.89535	-2.39169	0.99197	1.33772e-06	0.00802847	
-2.92465	-2.67488	0.999523	5.0957e-13	0.000476967	
-2.5968	-2.41975	0.998991	4.58961e-11	0.00100859	
-1.90715	-2.58284	0.995241	2.24524e-06	0.00475643	
-2.01031	-3.68629	0.997035	8.47604e-06	0.00295608	
-3.1271	-2.24906	0.998851	5.80695e-15	0.00114861	
-3.2161	-1.69435	0.990602	2.14584e-16	0.0093981	
-2.48397	-3.07775	0.999458	1.57532e-09	0.000542046	
-3.67322	-2.24205	0.997493	5.50413e-19	0.00250677	
-2.18537	-2.27336	0.99604	1.35565e-08	0.00396006	
-2.47007	-3.71903	0.998856	6.2414e-09	0.00114446	
-2.74453	-2.98143	0.999593	1.96306e-11	0.000406749	
-2.7036	-1.81215	0.992921	1.04174e-12	0.00707889	
-3.24828	-3.0015	0.999537	4.48619e-15	0.000463082	
-3.4854	-2.38212	0.998773	2.02876e-17	0.00122736	
-2.50014	-2.7952	0.999383	6.10449e-10	0.000616614	
-2.33723	-2.52048	0.998653	3.32896e-09	0.00134684	
-2.55564	-2.11455	0.997334	3.09029e-11	0.00266628	
-2.16282	-2.97066	0.998844	1.72013e-07	0.00115588	
-2.07537	-2.1692	0.991873	4.45762e-08	0.00812661	
-3.19224	-2.39894	0.999177	3.02271e-15	0.000823387	
-2.78094	-2.44349	0.999232	2.74662e-12	0.00076821	
-3.63852	-2.24815	0.997725	1.02354e-18	0.00227539	
-2.25865	-2.36559	0.997575	6.42644e-09	0.00242508	
-2.15185	-2.79248	0.998592	1.23149e-07	0.00140741	
-2.49758	-2.79744	0.999382	6.39108e-10	0.000617848	
-3.09816	-3.23198	0.999556	8.65858e-14	0.000443576	
-1.64048	-2.10436	0.931966	1.31683e-05	0.0680204	
-2.16991	-1.79838	0.972598	2.46726e-09	0.0274022	
-3.07385	-3.02665	0.999603	9.20835e-14	0.000397111	
-2.92357	-2.10503	0.998198	9.86624e-14	0.00180162	
-2.30726	-2.16504	0.996049	1.52358e-09	0.00395147	
-2.55781	-1.77959	0.989437	8.20694e-12	0.0105627	
-2.84513	-2.60948	0.999462	1.56527e-12	0.000537913	
-3.76021	-2.34648	0.997519	1.53698e-19	0.00248059	
-2.88208	-1.6051	0.984275	2.92965e-14	0.0157251	
-1.48647	-2.85507	0.976512	0.00198479	0.0215035	
-2.17109	-2.51445	0.997837	3.88078e-08	0.00216249	
-2.6887	-2.30907	0.99882	7.74765e-12	0.00117963	
-1.71015	-3.26713	0.993962	0.000296953	0.00574152	
-2.16755	-2.0714	0.991506	8.09517e-09	0.00849435	
-2.89106	-2.53221	0.999399	6.0566e-13	0.000601162	
-2.64247	-2.55417	0.99929	3.37418e-11	0.000709866	
-2.89041	-2.47284	0.999325	5.19111e-13	0.000674599	
-2.98086	-2.37694	0.999186	9.15559e-14	0.00081372	
-2.80985	-2.42171	0.999211	1.62687e-12	0.000788639	
-3.22109	-2.73581	0.999498	4.22521e-15	0.000502481	
-3.012	-1.73735	0.992388	6.55091e-15	0.00761189	
-1.86888	-2.29781	0.988096	1.35407e-06	0.0119026	
-2.02529	-2.76702	0.9978	7.40839e-07	0.00219879	
-2.21468	-2.16754	0.994869	5.95964e-09	0.00513126	
-2.35816	-2.85933	0.999236	6.52835e-09	0.000764239	
-2.84563	-2.81839	0.99958	2.61914e-12	0.000419781	
-2.59553	-3.18731	0.999526	3.36217e-10	0.000474343	
-2.67559	-2.53605	0.999295	1.90265e-11	0.000705251	
-2.25655	-1.98824	0.991066	1.6063e-09	0.00893439	
-2.85413	-2.08037	0.997955	2.72126e-13	0.00204477	
-2.44334	-2.89769	0.999377	1.93188e-09	0.000622855	
-2.04955	-2.22809	0.992716	8.09729e-08	0.00728422	
-3.13117	-2.22228	0.99876	5.01613e-15	0.00123963	
-2.47101	-2.54504	0.999046	4.69871e-10	0.000953588	
-3.13293	-3.22424	0.999546	4.71451e-14	0.000453624	
-1.92572	-2.2842	0.990202	5.7992e-07	0.00979742	
-2.95605	-2.24089	0.998834	9.09056e-14	0.00116553	
-3.21146	-2.24097	0.998772	1.41262e-15	0.00122784	
-2.14322	-2.16529	0.99349	1.66115e-08	0.00650968	
-2.73004	-2.30433	0.998861	3.99977e-12	0.00113872	
-2.69531	-2.81256	0.999533	2.92389e-11	0.000467195	
-2.73001	-2.35697	0.999009	4.7233e-12	0.000990591	
-2.20176	-2.30471	0.996582	1.19611e-08	0.00341834	
-2.88619	-2.42988	0.99926	4.91554e-13	0.00074042	
-2.16929	-2.82356	0.998712	1.03852e-07	0.00128772	
-2.66198	-2.93691	0.999556	6.71982e-11	0.000443658	
-2.24215	-2.45669	0.997994	1.11955e-08	0.00200608	
-2.95605	-2.78109	0.999576	3.9315e-13	0.000423889	
-2.46513	-1.73493	0.983999	2.67647e-11	0.0160011	
-1.8283	-1.67918	0.823157	1.34993e-07	0.176843	
-2.2045	-2.78719	0.998785	5.51464e-08	0.00121503	
-2.35238	-2.93185	0.999268	8.63122e-09	0.000731914	
-2.84244	-2.26275	0.998843	5.96335e-13	0.00115693	
-2.61851	-2.3421	0.998812	2.56319e-11	0.00118755	
-2.40199	-1.61824	0.966179	3.988e-11	0.0338212	
-2.3992	-2.59395	0.998993	1.63481e-09	0.00100667	
-1.74514	-2.8076	0.993568	4.73191e-05	0.00638488	
-2.32405	-1.55549	0.941665	8.99069e-11	0.0583345	
-1.94802	-1.88805	0.958623	8.04065e-08	0.0413765	
-3.01524	-3.19816	0.999589	3.36108e-13	0.000411266	
-2.5763	-2.75376	0.999427	1.65933e-10	0.000573008	
-2.00042	-2.31313	0.993338	2.2531e-07	0.00666152	
-1.91782	-2.75765	0.996678	3.43146e-06	0.00331819	
-2.32277	-2.70245	0.998999	7.22365e-09	0.00100105	
-2.69299	-3.11209	0.999579	5.97559e-11	0.000421171	
-2.82136	-2.53393	0.999379	1.86784e-12	0.000620557	
-2.1806	-3.15963	0.99895	2.11515e-07	0.00105018	
-2.20436	-2.33709	0.996917	1.29305e-08	0.0030826	
-2.6541	-2.08782	0.997512	6.2502e-12	0.00248839	
-2.5414	-2.24157	0.998199	5.99868e-11	0.00180069	
-1.60538	-3.30913	0.989123	0.00148164	0.00939584	
-2.71904	-2.76234	0.99952	1.76384e-11	0.000480213	
-2.44708	-2.22734	0.997724	2.38266e-10	0.00227585	
-2.493	-2.47895	0.998949	2.73547e-10	0.00105108	
-2.25501	-2.58661	0.998545	1.4102e-08	0.00145545	
-2.2884	-2.46148	0.998254	5.71694e-09	0.00174557	
-2.92726	-2.6973	0.999536	5.16209e-13	0.000463627	
-2.61197	-2.49116	0.999161	4.51351e-11	0.000839389	
-2.70994	-2.62152	0.999416	1.40657e-11	0.000584459	
-2.75285	-2.69022	0.999491	8.52922e-12	0.000508594	
-2.90268	-2.25637	0.998862	2.24185e-13	0.00113763	
-2.08096	-3.02037	0.998557	6.71278e-07	0.00144237	
-2.30258	-2.47586	0.998375	4.84943e-09	0.00162524	
-1.11126	-3.42105	0.32816	0.616811	0.055029	
-2.39104	-3.58623	0.999015	1.83847e-08	0.000984798	
-2.42442	-2.89576	0.999353	2.57995e-09	0.000646593	
-2.79323	-2.27206	0.998829	1.33704e-12	0.00117095	
-2.10253	-2.50039	0.997216	1.01142e-07	0.00278413	
-1.97335	-2.40126	0.994284	4.59237e-07	0.00571577	
-3.21389	-2.52376	0.999342	2.9084e-15	0.000658134	
-2.63702	-2.1628	0.998027	1.05769e-11	0.00197263	
-2.42993	-3.2145	0.99939	4.98292e-09	0.000610195	
-2.09848	-2.75084	0.998241	2.40223e-07	0.0017584	
-3.29036	-3.03904	0.999508	2.31376e-15	0.000492004	
-1.93682	-2.65236	0.996319	1.85587e-06	0.00367935	
-1.35612	-2.02888	0.653024	0.000271149	0.346705	
-2.8372	-2.29928	0.998951	7.26667e-13	0.00104925	
-1.7901	-1.96009	0.940356	9.41547e-07	0.0596431	
-1.91203	-2.49968	0.994358	1.56625e-06	0.00564078	
-3.25079	-2.5695	0.999367	1.74745e-15	0.000632808	
-2.63787	-1.40538	0.935007	4.69356e-13	0.0649927	
-3.21574	-2.04705	0.997762	7.29491e-16	0.00223819	
-2.48837	-3.6249	0.999087	4.06359e-09	0.000913422	
-2.22705	-1.49839	0.894534	2.58748e-10	0.105466	
-2.7651	-2.31565	0.998935	2.39054e-12	0.00106534	
-1.90179	-3.26648	0.997345	1.80651e-05	0.00263697	
-2.34911	-2.80338	0.999175	6.44271e-09	0.000825088	
-3.35973	-1.87145	0.995161	3.83224e-17	0.00483886	
-2.36824	-2.4522	0.998541	1.67448e-09	0.00145914	
-2.50203	-2.63575	0.999237	3.81121e-10	0.000762979	
-2.58347	-2.82504	0.999473	1.78408e-10	0.000526519	
-1.41122	-2.40088	0.91411	0.00094251	0.0849471	
-2.17113	-2.7391	0.998572	7.88566e-08	0.00142743	
-3.45507	-2.5454	0.99913	5.04488e-17	0.000869588	
-3.11071	-2.05354	0.997903	4.13197e-15	0.00209741	
-1.5193	-2.06111	0.854081	4.96961e-05	0.14587	
-3.38095	-3.02997	0.999435	4.70501e-16	0.000565403	
-2.54382	-2.54518	0.999164	1.52971e-10	0.00083586	
-1.70644	-3.02689	0.993741	0.000161149	0.0060975	
-2.58031	-2.20714	0.998128	2.94167e-11	0.00187173	
-2.93678	-2.52174	0.999395	2.80696e-13	0.000604834	
-2.81125	-2.25799	0.998799	9.62067e-13	0.00120055	
-2.0049	-2.427	0.995272	3.21158e-07	0.00472756	
-3.34751	-2.25672	0.998661	1.52428e-16	0.00133877	
-2.55178	-1.55241	0.966138	3.34061e-12	0.033862	
-2.54768	-2.23982	0.99821	5.41819e-11	0.00178981	
-2.77817	-2.24978	0.998734	1.57778e-12	0.00126553	
-2.51911	-1.81389	0.990253	1.68076e-11	0.0097474	
-2.71438	-2.7372	0.999504	1.7822e-11	0.000496042	
-3.17607	-2.30166	0.998976	3.02019e-15	0.00102363	
-2.43982	-2.73258	0.999258	1.31237e-09	0.000742306	
-1.93888	-2.63848	0.996251	1.72063e-06	0.00374735	
-2.20806	-2.05819	0.992156	4.28633e-09	0.00784364	
-2.88864	-2.46299	0.999311	5.19462e-13	0.000688956	
-2.12697	-3.3776	0.998643	7.8271e-07	0.00135585	
-3.07801	-2.60338	0.999466	3.41881e-14	0.000534487	
-1.44491	-2.4434	0.936493	0.000734177	0.0627732	
-1.93441	-3.34879	0.997542	1.35194e-05	0.00244406	
-2.65946	-3.41745	0.999457	1.80967e-10	0.000543362	
-2.69846	-2.35305	0.998963	7.65034e-12	0.00103679	
-2.64263	-2.52187	0.999245	3.06312e-11	0.000755467	
-2.14443	-2.96145	0.998773	2.2136e-07	0.00122657	
-2.70961	-3.24674	0.999558	5.91993e-11	0.000441688	
-2.13354	-1.05734	0.230956	2.55994e-11	0.769044	
-2.03824	-1.50694	0.814673	3.37214e-09	0.185327	
-3.21269	-2.5595	0.99938	3.24092e-15	0.000620293	
-2.58024	-2.39409	0.998898	5.4692e-11	0.00110211	
-2.79617	-2.54068	0.999377	2.84813e-12	0.000623395	
-2.54593	-1.75762	0.987992	8.93947e-12	0.0120084	
-2.67474	-1.36309	0.922282	2.21067e-13	0.0777175	
-2.59537	-2.426	0.999004	4.78486e-11	0.000995892	
-2.70532	-1.68563	0.987121	6.07625e-13	0.0128794	
-2.367	-2.87316	0.999259	5.91161e-09	0.000740594	
-2.49839	-2.20913	0.997835	1.03021e-10	0.00216538	
-3.37888	-1.65567	0.987339	1.31207e-17	0.0126608	
-2.74847	-2.57653	0.999393	6.73392e-12	0.000607438	
